2.000000e+05 9.601701e+04 
1.960784e+05 9.942303e+04 
1.923077e+05 1.029045e+05 
1.886792e+05 1.064020e+05 
1.851852e+05 1.101071e+05 
1.818182e+05 1.141131e+05 
1.785714e+05 1.181167e+05 
1.754386e+05 1.217810e+05 
1.724138e+05 1.250897e+05 
1.694915e+05 1.282101e+05 
1.666667e+05 1.312801e+05 
1.639344e+05 1.344570e+05 
1.612903e+05 1.378705e+05 
1.587302e+05 1.416729e+05 
1.562500e+05 1.461486e+05 
1.538462e+05 1.516501e+05 
1.515152e+05 1.585213e+05 
1.492537e+05 1.665612e+05 
1.470588e+05 1.752135e+05 
1.449275e+05 1.838334e+05 
1.428571e+05 1.918236e+05 
1.408451e+05 1.989590e+05 
1.388889e+05 2.050764e+05 
1.369863e+05 2.100181e+05 
1.351351e+05 2.137050e+05 
1.333333e+05 2.161845e+05 
1.315789e+05 2.175256e+05 
1.298701e+05 2.177789e+05 
1.282051e+05 2.169927e+05 
1.265823e+05 2.153413e+05 
1.250000e+05 2.131274e+05 
1.234568e+05 2.106288e+05 
1.219512e+05 2.081035e+05 
1.204819e+05 2.057563e+05 
1.190476e+05 2.036945e+05 
1.176471e+05 2.019036e+05 
1.162791e+05 2.003423e+05 
1.149425e+05 1.989811e+05 
1.136364e+05 1.977798e+05 
1.123596e+05 1.966828e+05 
1.111111e+05 1.955014e+05 
1.098901e+05 1.939291e+05 
1.086957e+05 1.917134e+05 
1.075269e+05 1.890626e+05 
1.063830e+05 1.863063e+05 
1.052632e+05 1.831453e+05 
1.041667e+05 1.790555e+05 
1.030928e+05 1.741477e+05 
1.020408e+05 1.689306e+05 
1.010101e+05 1.638922e+05 
1.000000e+05 1.594740e+05 
9.090909e+04 1.176590e+05 
8.333333e+04 9.701645e+04 
7.692308e+04 7.782207e+04 
7.142857e+04 6.894703e+04 
6.666667e+04 6.695588e+04 
6.250000e+04 7.124838e+04 
5.882353e+04 7.974946e+04 
5.555556e+04 9.201724e+04 
5.263158e+04 1.110119e+05 
5.000000e+04 1.380938e+05 
4.761905e+04 1.619852e+05 
4.545455e+04 1.633377e+05 
4.347826e+04 1.424678e+05 
4.166667e+04 1.203476e+05 
4.000000e+04 1.050887e+05 
3.846154e+04 9.592292e+04 
3.703704e+04 8.983711e+04 
3.571429e+04 8.586212e+04 
3.448276e+04 8.291227e+04 
3.333333e+04 8.012224e+04 
3.225806e+04 7.745855e+04 
3.125000e+04 7.501972e+04 
3.030303e+04 7.276749e+04 
2.941176e+04 7.068216e+04 
2.857143e+04 6.878609e+04 
2.777778e+04 6.701932e+04 
2.702703e+04 6.529756e+04 
2.631579e+04 6.360251e+04 
2.564103e+04 6.195354e+04 
2.500000e+04 6.031553e+04 
2.439024e+04 5.866927e+04 
2.380952e+04 5.704278e+04 
2.325581e+04 5.546984e+04 
2.272727e+04 5.397331e+04 
2.222222e+04 5.255557e+04 
2.173913e+04 5.121948e+04 
2.127660e+04 4.996459e+04 
2.083333e+04 4.878479e+04 
2.040816e+04 4.767146e+04 
2.000000e+04 4.661443e+04 
1.960784e+04 4.559466e+04 
1.923077e+04 4.460004e+04 
1.886792e+04 4.361625e+04 
1.851852e+04 4.263472e+04 
1.818182e+04 4.164778e+04 
1.785714e+04 4.065792e+04 
1.754386e+04 3.967628e+04 
1.724138e+04 3.871302e+04 
1.694915e+04 3.777957e+04 
1.666667e+04 3.688047e+04 
1.639344e+04 3.602013e+04 
1.612903e+04 3.519596e+04 
1.587302e+04 3.441027e+04 
1.562500e+04 3.365951e+04 
1.538462e+04 3.294047e+04 
1.515152e+04 3.225102e+04 
1.492537e+04 3.158686e+04 
1.470588e+04 3.094282e+04 
1.449275e+04 3.031725e+04 
1.428571e+04 2.970762e+04 
1.408451e+04 2.911163e+04 
1.388889e+04 2.852811e+04 
1.369863e+04 2.795661e+04 
1.351351e+04 2.739606e+04 
1.333333e+04 2.684689e+04 
1.315789e+04 2.630720e+04 
1.298701e+04 2.577900e+04 
1.282051e+04 2.526009e+04 
1.265823e+04 2.475133e+04 
1.250000e+04 2.425267e+04 
1.234568e+04 2.376302e+04 
1.219512e+04 2.328343e+04 
1.204819e+04 2.281373e+04 
1.190476e+04 2.235352e+04 
1.176471e+04 2.190293e+04 
1.162791e+04 2.146215e+04 
1.149425e+04 2.103122e+04 
1.136364e+04 2.061012e+04 
1.123596e+04 2.019827e+04 
1.111111e+04 1.979641e+04 
1.098901e+04 1.940374e+04 
1.086957e+04 1.902040e+04 
1.075269e+04 1.864594e+04 
1.063830e+04 1.828062e+04 
1.052632e+04 1.792369e+04 
1.041667e+04 1.757575e+04 
1.030928e+04 1.723626e+04 
1.020408e+04 1.690464e+04 
1.010101e+04 1.658158e+04 
1.000000e+04 1.626662e+04 
9.090909e+03 1.352137e+04 
8.333333e+03 1.141574e+04 
7.692308e+03 9.776593e+03 
7.142857e+03 8.469245e+03 
6.666667e+03 7.420203e+03 
6.250000e+03 6.576775e+03 
5.882353e+03 5.878398e+03 
5.555556e+03 5.288105e+03 
5.263158e+03 4.789668e+03 
5.000000e+03 4.366209e+03 
4.761905e+03 4.002018e+03 
4.545455e+03 3.683442e+03 
4.347826e+03 3.404015e+03 
4.166667e+03 3.158956e+03 
4.000000e+03 2.944414e+03 
3.846154e+03 2.751171e+03 
3.703704e+03 2.576297e+03 
3.571429e+03 2.417926e+03 
3.448276e+03 2.274585e+03 
3.333333e+03 2.144709e+03 
3.225806e+03 2.027010e+03 
3.125000e+03 1.920078e+03 
3.030303e+03 1.821583e+03 
2.941176e+03 1.730370e+03 
2.857143e+03 1.646352e+03 
2.777778e+03 1.568901e+03 
2.702703e+03 1.497401e+03 
2.631579e+03 1.431303e+03 
2.564103e+03 1.370031e+03 
2.500000e+03 1.313067e+03 
2.439024e+03 1.259792e+03 
2.380952e+03 1.209713e+03 
2.325581e+03 1.162531e+03 
2.272727e+03 1.118094e+03 
2.222222e+03 1.076244e+03 
2.173913e+03 1.036943e+03 
2.127660e+03 1.000154e+03 
2.083333e+03 9.657946e+02 
2.040816e+03 9.335827e+02 
2.000000e+03 9.028730e+02 
1.960784e+03 8.732864e+02 
1.923077e+03 8.448831e+02 
1.886792e+03 8.177867e+02 
1.851852e+03 7.920340e+02 
1.818182e+03 7.676108e+02 
1.785714e+03 7.444580e+02 
1.754386e+03 7.223782e+02 
1.724138e+03 7.013017e+02 
1.694915e+03 6.812002e+02 
1.666667e+03 6.621033e+02 
1.639344e+03 6.440907e+02 
1.612903e+03 6.269971e+02 
1.587302e+03 6.025529e+02 
1.562500e+03 5.934941e+02 
1.538462e+03 5.783971e+02 
1.515152e+03 5.636568e+02 
1.492537e+03 5.497513e+02 
1.470588e+03 5.362226e+02 
1.449275e+03 5.231795e+02 
1.428571e+03 5.107920e+02 
1.408451e+03 4.989301e+02 
1.388889e+03 4.874595e+02 
1.369863e+03 4.764210e+02 
1.351351e+03 4.658745e+02 
1.333333e+03 4.557780e+02 
1.315789e+03 4.461036e+02 
1.298701e+03 4.368183e+02 
1.282051e+03 4.278687e+02 
1.265823e+03 4.191836e+02 
1.250000e+03 4.107339e+02 
1.234568e+03 4.024677e+02 
1.219512e+03 3.944342e+02 
1.204819e+03 3.866702e+02 
1.190476e+03 3.791877e+02 
1.176471e+03 3.719606e+02 
1.162791e+03 3.649307e+02 
1.149425e+03 3.581910e+02 
1.136364e+03 3.516726e+02 
1.123596e+03 3.453675e+02 
1.111111e+03 3.393030e+02 
1.098901e+03 3.334494e+02 
1.086957e+03 3.277951e+02 
1.075269e+03 3.223756e+02 
1.063830e+03 3.171609e+02 
1.052632e+03 3.120720e+02 
1.041667e+03 3.071995e+02 
1.030928e+03 3.024538e+02 
1.020408e+03 2.979419e+02 
1.010101e+03 2.935856e+02 
1.000000e+03 2.893540e+02 
9.090909e+02 2.544598e+02 
8.333333e+02 2.282147e+02 
7.692308e+02 2.110219e+02 
7.142857e+02 1.994834e+02 
6.666667e+02 1.937354e+02 
6.250000e+02 1.933931e+02 
5.882353e+02 1.976664e+02 
5.555556e+02 2.068062e+02 
5.263158e+02 2.208606e+02 
5.000000e+02 2.395592e+02 
4.761905e+02 2.635764e+02 
4.545455e+02 2.936663e+02 
4.347826e+02 3.299768e+02 
4.166667e+02 3.723579e+02 
4.000000e+02 4.199121e+02 
3.846154e+02 4.716495e+02 
3.703704e+02 5.251344e+02 
3.571429e+02 5.770307e+02 
3.448276e+02 6.231435e+02 
3.333333e+02 6.587017e+02 
3.225806e+02 6.798592e+02 
3.125000e+02 6.856762e+02 
3.030303e+02 6.767770e+02 
2.941176e+02 6.546793e+02 
2.857143e+02 6.225001e+02 
2.777778e+02 5.842188e+02 
2.702703e+02 5.431141e+02 
2.631579e+02 5.016986e+02 
2.564103e+02 4.616043e+02 
2.500000e+02 4.237859e+02 
2.439024e+02 3.887810e+02 
2.380952e+02 3.568447e+02 
2.325581e+02 3.279579e+02 
2.272727e+02 3.019098e+02 
2.222222e+02 2.784970e+02 
2.173913e+02 2.574923e+02 
2.127660e+02 2.386283e+02 
2.083333e+02 2.216696e+02 
2.040816e+02 2.063914e+02 
2.000000e+02 1.926111e+02 
1.960784e+02 1.801535e+02 
1.923077e+02 1.688711e+02 
1.886792e+02 1.586209e+02 
1.851852e+02 1.492895e+02 
1.818182e+02 1.407678e+02 
1.785714e+02 1.329689e+02 
1.754386e+02 1.258126e+02 
1.724138e+02 1.192327e+02 
1.694915e+02 1.131728e+02 
1.666667e+02 1.075794e+02 
1.639344e+02 1.024035e+02 
1.612903e+02 9.760655e+01 
1.587302e+02 9.315063e+01 
1.562500e+02 8.900205e+01 
1.538462e+02 8.513285e+01 
1.515152e+02 8.152219e+01 
1.492537e+02 7.814787e+01 
1.470588e+02 7.498877e+01 
1.449275e+02 7.202761e+01 
1.428571e+02 6.924619e+01 
1.408451e+02 6.662433e+01 
1.388889e+02 6.415843e+01 
1.369863e+02 6.183350e+01 
1.351351e+02 5.963729e+01 
1.333333e+02 5.756139e+01 
1.315789e+02 5.559879e+01 
1.298701e+02 5.373990e+01 
1.282051e+02 5.197552e+01 
1.265823e+02 5.030090e+01 
1.250000e+02 4.870945e+01 
1.234568e+02 4.719690e+01 
1.219512e+02 4.576069e+01 
1.204819e+02 4.439297e+01 
1.190476e+02 4.309111e+01 
1.176471e+02 4.184974e+01 
1.162791e+02 4.066780e+01 
1.149425e+02 3.953827e+01 
1.136364e+02 3.845922e+01 
1.123596e+02 3.742776e+01 
1.111111e+02 3.644028e+01 
1.098901e+02 3.549484e+01 
1.086957e+02 3.458730e+01 
1.075269e+02 3.371897e+01 
1.063830e+02 3.288475e+01 
1.052632e+02 3.208373e+01 
1.041667e+02 3.131333e+01 
1.030928e+02 3.057260e+01 
1.020408e+02 2.986093e+01 
1.010101e+02 2.917674e+01 
1.000000e+02 2.851921e+01 
9.090909e+01 2.323643e+01 
8.333333e+01 1.981512e+01 
7.692308e+01 1.766381e+01 
7.142857e+01 1.570836e+01 
6.666667e+01 1.341701e+01 
6.250000e+01 1.130089e+01 
5.882353e+01 9.600884e+00 
5.555556e+01 8.300386e+00 
5.263158e+01 7.290649e+00 
5.000000e+01 6.476804e+00 
4.761905e+01 5.803571e+00 
4.545455e+01 5.237116e+00 
4.347826e+01 4.754517e+00 
4.166667e+01 4.338995e+00 
4.000000e+01 3.977984e+00 
3.846154e+01 3.661769e+00 
3.703704e+01 3.383060e+00 
3.571429e+01 3.135907e+00 
3.448276e+01 2.915516e+00 
3.333333e+01 2.718030e+00 
3.225806e+01 2.540288e+00 
3.125000e+01 2.379776e+00 
3.030303e+01 2.234186e+00 
2.941176e+01 2.101775e+00 
2.857143e+01 1.980926e+00 
2.777778e+01 1.870390e+00 
2.702703e+01 1.768923e+00 
2.631579e+01 1.675592e+00 
2.564103e+01 1.589540e+00 
2.500000e+01 1.510009e+00 
2.439024e+01 1.436371e+00 
2.380952e+01 1.368012e+00 
2.325581e+01 1.304486e+00 
2.272727e+01 1.245301e+00 
2.222222e+01 1.190100e+00 
2.173913e+01 1.138496e+00 
2.127660e+01 1.090198e+00 
2.083333e+01 1.044932e+00 
2.040816e+01 1.002456e+00 
2.000000e+01 9.625217e-01 
1.960784e+01 9.249381e-01 
1.923077e+01 8.895176e-01 
1.886792e+01 8.561060e-01 
1.851852e+01 8.245551e-01 
1.818182e+01 7.947139e-01 
1.785714e+01 7.664813e-01 
1.754386e+01 7.397215e-01 
1.724138e+01 7.143570e-01 
1.694915e+01 6.902780e-01 
1.666667e+01 6.673847e-01 
1.639344e+01 6.456288e-01 
1.612903e+01 6.249247e-01 
1.587302e+01 6.051930e-01 
1.562500e+01 5.863891e-01 
1.538462e+01 5.684527e-01 
1.515152e+01 5.513317e-01 
1.492537e+01 5.349651e-01 
1.470588e+01 5.193286e-01 
1.449275e+01 5.043609e-01 
1.428571e+01 4.900392e-01 
1.408451e+01 4.763107e-01 
1.388889e+01 4.631649e-01 
1.369863e+01 4.505483e-01 
1.351351e+01 4.384392e-01 
1.333333e+01 4.268198e-01 
1.315789e+01 4.156593e-01 
1.298701e+01 4.049236e-01 
1.282051e+01 3.945963e-01 
1.265823e+01 3.846683e-01 
1.250000e+01 3.751067e-01 
1.234568e+01 3.658923e-01 
1.219512e+01 3.570213e-01 
1.204819e+01 3.484659e-01 
1.190476e+01 3.402195e-01 
1.176471e+01 3.322589e-01 
1.162791e+01 3.245701e-01 
1.149425e+01 3.171479e-01 
1.136364e+01 3.099821e-01 
1.123596e+01 3.030498e-01 
1.111111e+01 2.963523e-01 
1.098901e+01 2.898762e-01 
1.086957e+01 2.836033e-01 
1.075269e+01 2.775394e-01 
1.063830e+01 2.716618e-01 
1.052632e+01 2.659740e-01 
1.041667e+01 2.604608e-01 
1.030928e+01 2.551168e-01 
1.020408e+01 2.499333e-01 
1.010101e+01 2.449107e-01 
1.000000e+01 2.400373e-01 
9.090909e+00 1.983665e-01 
8.333333e+00 1.666832e-01 
7.692308e+00 1.420366e-01 
7.142857e+00 1.224730e-01 
6.666667e+00 1.066918e-01 
6.250000e+00 9.377494e-02 
5.882353e+00 8.306970e-02 
5.555556e+00 7.409867e-02 
5.263158e+00 6.650670e-02 
5.000000e+00 6.002259e-02 
4.761905e+00 5.444526e-02 
4.545455e+00 4.960862e-02 
4.347826e+00 4.539021e-02 
4.166667e+00 4.168689e-02 
4.000000e+00 3.841958e-02 
3.846154e+00 3.552106e-02 
3.703704e+00 3.293929e-02 
3.571429e+00 3.062873e-02 
3.448276e+00 2.855325e-02 
3.333333e+00 2.668163e-02 
3.225806e+00 2.498835e-02 
3.125000e+00 2.345114e-02 
3.030303e+00 2.205131e-02 
2.941176e+00 2.077366e-02 
2.857143e+00 1.960328e-02 
2.777778e+00 1.852949e-02 
2.702703e+00 1.754173e-02 
2.631579e+00 1.663052e-02 
2.564103e+00 1.578884e-02 
2.500000e+00 1.500906e-02 
2.439024e+00 1.428592e-02 
2.380952e+00 1.361376e-02 
2.325581e+00 1.298808e-02 
2.272727e+00 1.240427e-02 
2.222222e+00 1.185916e-02 
2.173913e+00 1.134917e-02 
2.127660e+00 1.087141e-02 
2.083333e+00 1.042317e-02 
2.040816e+00 1.000205e-02 
2.000000e+00 9.605988e-03 
1.960784e+00 9.232938e-03 
1.923077e+00 8.881240e-03 
1.886792e+00 8.549264e-03 
1.851852e+00 8.235557e-03 
1.818182e+00 7.938786e-03 
1.785714e+00 7.657769e-03 
1.754386e+00 7.391395e-03 
1.724138e+00 7.138763e-03 
1.694915e+00 6.898833e-03 
1.666667e+00 6.670777e-03 
1.639344e+00 6.453781e-03 
1.612903e+00 6.247279e-03 
1.587302e+00 6.050542e-03 
1.562500e+00 5.862973e-03 
1.538462e+00 5.683884e-03 
1.515152e+00 5.513015e-03 
1.492537e+00 5.349607e-03 
1.470588e+00 5.193414e-03 
1.449275e+00 5.044018e-03 
1.428571e+00 4.900888e-03 
1.408451e+00 4.763771e-03 
1.388889e+00 4.632404e-03 
1.369863e+00 4.506310e-03 
1.351351e+00 4.385350e-03 
1.333333e+00 4.269224e-03 
1.315789e+00 4.157543e-03 
1.298701e+00 4.050307e-03 
1.282051e+00 3.947121e-03 
1.265823e+00 3.847762e-03 
1.250000e+00 3.752185e-03 
1.234568e+00 3.660166e-03 
1.219512e+00 3.571395e-03 
1.204819e+00 3.485861e-03 
1.190476e+00 3.403314e-03 
1.176471e+00 3.323758e-03 
1.162791e+00 3.246920e-03 
1.149425e+00 3.172639e-03 
1.136364e+00 3.100943e-03 
1.123596e+00 3.031678e-03 
1.111111e+00 2.964677e-03 
1.098901e+00 2.899840e-03 
1.086957e+00 2.837141e-03 
1.075269e+00 2.776492e-03 
1.063830e+00 2.717692e-03 
1.052632e+00 2.660792e-03 
1.041667e+00 2.605646e-03 
1.030928e+00 2.552167e-03 
1.020408e+00 2.500351e-03 
1.010101e+00 2.450112e-03 
1.000000e+00 2.401351e-03 
